Not my strategy!
100
[[  2.   3.   5.   6.   1.   3.   3.]
 [  4.   7.   5.   6.   2.   4.   6.]
 [ 11.  14.  15.  10.   8.  10.   9.]
 [ 10.  16.  21.  15.  10.  11.  16.]
 [ 22.  20.  28.  27.  19.  20.  19.]
 [ 18.  33.  24.  35.  28.  26.  21.]]
Wins = 51
Loses = 49
Draws = 0
1000
[[  29.   22.   17.   28.   27.   23.   25.]
 [  49.   57.   40.   61.   55.   43.   40.]
 [ 116.  121.  105.  126.  119.   98.  119.]
 [ 145.  161.  170.  164.  143.  144.  137.]
 [ 172.  221.  210.  240.  219.  193.  190.]
 [ 265.  292.  289.  338.  274.  253.  258.]]
Wins = 537
Loses = 460
Draws = 3

My strategy
100
[[  4.   5.   6.   6.   6.  10.   6.]
 [  8.  11.  10.  11.   7.  10.   6.]
 [ 13.   8.  16.  19.  13.  15.  21.]
 [ 15.  22.  27.  26.  22.  27.  11.]
 [ 15.  26.  19.  29.  24.  23.  21.]
 [ 23.  26.  30.  30.  27.  31.  30.]]
Wins = 53
Loses = 46
Draws = 1
1000
[[  37.   44.   34.   37.   43.   36.   55.]
 [  63.   71.   72.   86.   76.   86.   54.]
 [ 138.  126.  137.  167.  161.  135.  110.]
 [ 122.  189.  219.  246.  225.  169.  136.]
 [ 186.  207.  251.  277.  222.  216.  168.]
 [ 239.  230.  255.  254.  270.  247.  238.]]
Wins = 494
Loses = 478
Draws = 28
